- OS: Windows-10-10.0.22621-SP0 10.0.22621
- Python: 3.11.4
- Stable-Baselines3: 2.0.0
- PyTorch: 2.0.1+cu118
- GPU Enabled: True
- Numpy: 1.24.3
- Cloudpickle: 2.2.1
- Gymnasium: 0.28.1
- OpenAI Gym: 0.26.2
